 #r (A)  gr(r)  histogram(r)  (sums to N*N-1 or N*N )
   1.0000000000000000E-002   0.0000000000000000        0.00000000    
   2.0000000000000000E-002   0.0000000000000000        0.00000000    
   2.9999999999999999E-002   0.0000000000000000        0.00000000    
   4.0000000000000001E-002   0.0000000000000000        0.00000000    
   5.0000000000000003E-002   0.0000000000000000        0.00000000    
   5.9999999999999998E-002   0.0000000000000000        0.00000000    
   7.0000000000000007E-002   0.0000000000000000        0.00000000    
   8.0000000000000002E-002   0.0000000000000000        0.00000000    
   8.9999999999999997E-002   0.0000000000000000        0.00000000    
  0.10000000000000001        0.0000000000000000        0.00000000    
  0.11000000000000000        0.0000000000000000        0.00000000    
  0.12000000000000000        0.0000000000000000        0.00000000    
  0.13000000000000000        0.0000000000000000        0.00000000    
  0.14000000000000001        0.0000000000000000        0.00000000    
  0.14999999999999999        0.0000000000000000        0.00000000    
  0.16000000000000000        0.0000000000000000        0.00000000    
  0.17000000000000001        0.0000000000000000        0.00000000    
  0.17999999999999999        0.0000000000000000        0.00000000    
  0.19000000000000000        0.0000000000000000        0.00000000    
  0.20000000000000001        0.0000000000000000        0.00000000    
  0.20999999999999999        0.0000000000000000        0.00000000    
  0.22000000000000000        0.0000000000000000        0.00000000    
  0.23000000000000001        0.0000000000000000        0.00000000    
  0.23999999999999999        0.0000000000000000        0.00000000    
  0.25000000000000000        0.0000000000000000        0.00000000    
  0.26000000000000001        0.0000000000000000        0.00000000    
  0.27000000000000002        0.0000000000000000        0.00000000    
  0.28000000000000003        0.0000000000000000        0.00000000    
  0.28999999999999998        0.0000000000000000        0.00000000    
  0.29999999999999999        0.0000000000000000        0.00000000    
  0.31000000000000000        0.0000000000000000        0.00000000    
  0.32000000000000001        0.0000000000000000        0.00000000    
  0.33000000000000002        0.0000000000000000        0.00000000    
  0.34000000000000002        0.0000000000000000        0.00000000    
  0.35000000000000003        0.0000000000000000        0.00000000    
  0.35999999999999999        0.0000000000000000        0.00000000    
  0.37000000000000000        0.0000000000000000        0.00000000    
  0.38000000000000000        0.0000000000000000        0.00000000    
  0.39000000000000001        0.0000000000000000        0.00000000    
  0.40000000000000002        0.0000000000000000        0.00000000    
  0.41000000000000003        0.0000000000000000        0.00000000    
  0.41999999999999998        0.0000000000000000        0.00000000    
  0.42999999999999999        0.0000000000000000        0.00000000    
  0.44000000000000000        0.0000000000000000        0.00000000    
  0.45000000000000001        0.0000000000000000        0.00000000    
  0.46000000000000002        0.0000000000000000        0.00000000    
  0.47000000000000003        0.0000000000000000        0.00000000    
  0.47999999999999998        0.0000000000000000        0.00000000    
  0.48999999999999999        0.0000000000000000        0.00000000    
  0.50000000000000000        0.0000000000000000        0.00000000    
  0.51000000000000001        0.0000000000000000        0.00000000    
  0.52000000000000002        0.0000000000000000        0.00000000    
  0.53000000000000003        0.0000000000000000        0.00000000    
  0.54000000000000004        0.0000000000000000        0.00000000    
  0.55000000000000004        0.0000000000000000        0.00000000    
  0.56000000000000005        0.0000000000000000        0.00000000    
  0.57000000000000006        0.0000000000000000        0.00000000    
  0.57999999999999996        0.0000000000000000        0.00000000    
  0.58999999999999997        0.0000000000000000        0.00000000    
  0.59999999999999998        0.0000000000000000        0.00000000    
  0.60999999999999999        0.0000000000000000        0.00000000    
  0.62000000000000000        0.0000000000000000        0.00000000    
  0.63000000000000000        0.0000000000000000        0.00000000    
  0.64000000000000001        0.0000000000000000        0.00000000    
  0.65000000000000002        0.0000000000000000        0.00000000    
  0.66000000000000003        0.0000000000000000        0.00000000    
  0.67000000000000004        0.0000000000000000        0.00000000    
  0.68000000000000005        0.0000000000000000        0.00000000    
  0.69000000000000006        0.0000000000000000        0.00000000    
  0.70000000000000007        0.0000000000000000        0.00000000    
  0.70999999999999996        0.0000000000000000        0.00000000    
  0.71999999999999997        0.0000000000000000        0.00000000    
  0.72999999999999998        0.0000000000000000        0.00000000    
  0.73999999999999999        0.0000000000000000        0.00000000    
  0.75000000000000000        0.0000000000000000        0.00000000    
  0.76000000000000001        0.0000000000000000        0.00000000    
  0.77000000000000002        0.0000000000000000        0.00000000    
  0.78000000000000003        0.0000000000000000        0.00000000    
  0.79000000000000004        0.0000000000000000        0.00000000    
  0.80000000000000004        0.0000000000000000        0.00000000    
  0.81000000000000005        0.0000000000000000        0.00000000    
  0.82000000000000006        0.0000000000000000        0.00000000    
  0.83000000000000007        0.0000000000000000        0.00000000    
  0.83999999999999997        0.0000000000000000        0.00000000    
  0.84999999999999998        0.0000000000000000        0.00000000    
  0.85999999999999999        0.0000000000000000        0.00000000    
  0.87000000000000000        0.0000000000000000        0.00000000    
  0.88000000000000000        0.0000000000000000        0.00000000    
  0.89000000000000001        0.0000000000000000        0.00000000    
  0.90000000000000002        0.0000000000000000        0.00000000    
  0.91000000000000003        0.0000000000000000        0.00000000    
  0.92000000000000004        0.0000000000000000        0.00000000    
  0.93000000000000005        0.0000000000000000        0.00000000    
  0.94000000000000006        0.0000000000000000        0.00000000    
  0.95000000000000007        0.0000000000000000        0.00000000    
  0.95999999999999996        0.0000000000000000        0.00000000    
  0.96999999999999997        0.0000000000000000        0.00000000    
  0.97999999999999998        0.0000000000000000        0.00000000    
  0.98999999999999999        0.0000000000000000        0.00000000    
   1.0000000000000000        0.0000000000000000        0.00000000    
   1.0100000000000000        0.0000000000000000        0.00000000    
   1.0200000000000000        0.0000000000000000        0.00000000    
   1.0300000000000000        0.0000000000000000        0.00000000    
   1.0400000000000000        0.0000000000000000        0.00000000    
   1.0500000000000000        0.0000000000000000        0.00000000    
   1.0600000000000001        0.0000000000000000        0.00000000    
   1.0700000000000001        0.0000000000000000        0.00000000    
   1.0800000000000001        0.0000000000000000        0.00000000    
   1.0900000000000001        0.0000000000000000        0.00000000    
   1.1000000000000001        0.0000000000000000        0.00000000    
   1.1100000000000001        0.0000000000000000        0.00000000    
   1.1200000000000001        0.0000000000000000        0.00000000    
   1.1300000000000001        0.0000000000000000        0.00000000    
   1.1400000000000001        0.0000000000000000        0.00000000    
   1.1500000000000001        0.0000000000000000        0.00000000    
   1.1599999999999999        0.0000000000000000        0.00000000    
   1.1699999999999999        0.0000000000000000        0.00000000    
   1.1799999999999999        0.0000000000000000        0.00000000    
   1.1899999999999999        0.0000000000000000        0.00000000    
   1.2000000000000000        0.0000000000000000        0.00000000    
   1.2100000000000000        0.0000000000000000        0.00000000    
   1.2200000000000000        0.0000000000000000        0.00000000    
   1.2300000000000000        0.0000000000000000        0.00000000    
   1.2400000000000000        0.0000000000000000        0.00000000    
   1.2500000000000000        0.0000000000000000        0.00000000    
   1.2600000000000000        0.0000000000000000        0.00000000    
   1.2700000000000000        0.0000000000000000        0.00000000    
   1.2800000000000000        0.0000000000000000        0.00000000    
   1.2900000000000000        0.0000000000000000        0.00000000    
   1.3000000000000000        0.0000000000000000        0.00000000    
   1.3100000000000001        0.0000000000000000        0.00000000    
   1.3200000000000001        0.0000000000000000        0.00000000    
   1.3300000000000001        0.0000000000000000        0.00000000    
   1.3400000000000001        0.0000000000000000        0.00000000    
   1.3500000000000001        0.0000000000000000        0.00000000    
   1.3600000000000001        0.0000000000000000        0.00000000    
   1.3700000000000001        0.0000000000000000        0.00000000    
   1.3800000000000001        0.0000000000000000        0.00000000    
   1.3900000000000001        0.0000000000000000        0.00000000    
   1.4000000000000001        0.0000000000000000        0.00000000    
   1.4099999999999999        0.0000000000000000        0.00000000    
   1.4199999999999999        0.0000000000000000        0.00000000    
   1.4299999999999999        0.0000000000000000        0.00000000    
   1.4399999999999999        0.0000000000000000        0.00000000    
   1.4500000000000000        0.0000000000000000        0.00000000    
   1.4600000000000000        0.0000000000000000        0.00000000    
   1.4700000000000000        0.0000000000000000        0.00000000    
   1.4800000000000000        0.0000000000000000        0.00000000    
   1.4900000000000000        0.0000000000000000        0.00000000    
   1.5000000000000000        0.0000000000000000        0.00000000    
   1.5100000000000000        0.0000000000000000        0.00000000    
   1.5200000000000000        0.0000000000000000        0.00000000    
   1.5300000000000000        0.0000000000000000        0.00000000    
   1.5400000000000000        0.0000000000000000        0.00000000    
   1.5500000000000000        0.0000000000000000        0.00000000    
   1.5600000000000001        0.0000000000000000        0.00000000    
   1.5700000000000001        0.0000000000000000        0.00000000    
   1.5800000000000001        0.0000000000000000        0.00000000    
   1.5900000000000001        0.0000000000000000        0.00000000    
   1.6000000000000001        0.0000000000000000        0.00000000    
   1.6100000000000001        0.0000000000000000        0.00000000    
   1.6200000000000001        0.0000000000000000        0.00000000    
   1.6300000000000001        0.0000000000000000        0.00000000    
   1.6400000000000001        0.0000000000000000        0.00000000    
   1.6500000000000001        0.0000000000000000        0.00000000    
   1.6600000000000001        0.0000000000000000        0.00000000    
   1.6699999999999999        0.0000000000000000        0.00000000    
   1.6799999999999999        0.0000000000000000        0.00000000    
   1.6899999999999999        0.0000000000000000        0.00000000    
   1.7000000000000000        0.0000000000000000        0.00000000    
   1.7100000000000000        0.0000000000000000        0.00000000    
   1.7200000000000000        0.0000000000000000        0.00000000    
   1.7300000000000000        0.0000000000000000        0.00000000    
   1.7400000000000000        0.0000000000000000        0.00000000    
   1.7500000000000000        0.0000000000000000        0.00000000    
   1.7600000000000000        0.0000000000000000        0.00000000    
   1.7700000000000000        0.0000000000000000        0.00000000    
   1.7800000000000000        0.0000000000000000        0.00000000    
   1.7900000000000000        0.0000000000000000        0.00000000    
   1.8000000000000000        0.0000000000000000        0.00000000    
   1.8100000000000001        0.0000000000000000        0.00000000    
   1.8200000000000001        0.0000000000000000        0.00000000    
   1.8300000000000001        0.0000000000000000        0.00000000    
   1.8400000000000001        0.0000000000000000        0.00000000    
   1.8500000000000001        0.0000000000000000        0.00000000    
   1.8600000000000001        0.0000000000000000        0.00000000    
   1.8700000000000001        0.0000000000000000        0.00000000    
   1.8800000000000001        0.0000000000000000        0.00000000    
   1.8900000000000001        0.0000000000000000        0.00000000    
   1.9000000000000001        0.0000000000000000        0.00000000    
   1.9100000000000001        0.0000000000000000        0.00000000    
   1.9199999999999999        0.0000000000000000        0.00000000    
   1.9299999999999999        0.0000000000000000        0.00000000    
   1.9399999999999999        0.0000000000000000        0.00000000    
   1.9500000000000000        0.0000000000000000        0.00000000    
   1.9600000000000000        0.0000000000000000        0.00000000    
   1.9700000000000000        0.0000000000000000        0.00000000    
   1.9800000000000000        0.0000000000000000        0.00000000    
   1.9900000000000000        0.0000000000000000        0.00000000    
   2.0000000000000000        0.0000000000000000        0.00000000    
   2.0100000000000002        0.0000000000000000        0.00000000    
   2.0200000000000000        0.0000000000000000        0.00000000    
   2.0300000000000002        0.0000000000000000        0.00000000    
   2.0400000000000000        0.0000000000000000        0.00000000    
   2.0499999999999998        0.0000000000000000        0.00000000    
   2.0600000000000001        0.0000000000000000        0.00000000    
   2.0699999999999998        0.0000000000000000        0.00000000    
   2.0800000000000001        0.0000000000000000        0.00000000    
   2.0899999999999999        0.0000000000000000        0.00000000    
   2.1000000000000001        0.0000000000000000        0.00000000    
   2.1099999999999999        0.0000000000000000        0.00000000    
   2.1200000000000001        0.0000000000000000        0.00000000    
   2.1299999999999999        0.0000000000000000        0.00000000    
   2.1400000000000001        0.0000000000000000        0.00000000    
   2.1499999999999999        0.0000000000000000        0.00000000    
   2.1600000000000001        0.0000000000000000        0.00000000    
   2.1699999999999999        0.0000000000000000        0.00000000    
   2.1800000000000002        0.0000000000000000        0.00000000    
   2.1899999999999999        0.0000000000000000        0.00000000    
   2.2000000000000002        0.0000000000000000        0.00000000    
   2.2100000000000000        0.0000000000000000        0.00000000    
   2.2200000000000002        0.0000000000000000        0.00000000    
   2.2300000000000000        0.0000000000000000        0.00000000    
   2.2400000000000002        0.0000000000000000        0.00000000    
   2.2500000000000000        0.0000000000000000        0.00000000    
   2.2600000000000002        0.0000000000000000        0.00000000    
   2.2700000000000000        0.0000000000000000        0.00000000    
   2.2800000000000002        0.0000000000000000        0.00000000    
   2.2900000000000000        0.0000000000000000        0.00000000    
   2.3000000000000003        0.0000000000000000        0.00000000    
   2.3100000000000001        0.0000000000000000        0.00000000    
   2.3199999999999998        0.0000000000000000        0.00000000    
   2.3300000000000001        0.0000000000000000        0.00000000    
   2.3399999999999999        1.3933295951533596E-004   2.01767485E-04
   2.3500000000000001        2.4866940617834533E-004   3.63181462E-04
   2.3599999999999999        1.9177394684915310E-004   2.82474473E-04
   2.3700000000000001        4.8898032566715174E-004   7.26362923E-04
   2.3799999999999999        9.1588421743358172E-004   1.37201883E-03
   2.3900000000000001        1.2822154566574232E-003   1.93696783E-03
   2.3999999999999999        2.3311797456510861E-003   3.55110760E-03
   2.4100000000000001        3.6517100560934596E-003   5.60913607E-03
   2.4199999999999999        4.2990132595163806E-003   6.65832683E-03
   2.4300000000000002        7.0803314384824644E-003   1.10568581E-02
   2.4399999999999999        1.1789455604548502E-002   1.85626093E-02
   2.4500000000000002        1.5226855487552914E-002   2.41717454E-02
   2.4600000000000000        2.3071001755132159E-002   3.69234495E-02
   2.4700000000000002        3.4489423257403902E-002   5.56474701E-02
   2.4800000000000000        4.9469482210120125E-002   8.04648697E-02
   2.4900000000000002        6.7998254262884958E-002  0.111496709    
   2.5000000000000000        9.2430683523857582E-002  0.152778342    
   2.5100000000000002       0.11845838086127365       0.197368950    
   2.5200000000000000       0.14966933246403435       0.251361936    
   2.5300000000000002       0.19347130825788747       0.327508986    
   2.5400000000000000       0.24317881546289880       0.414914638    
   2.5500000000000003       0.29653720989788251       0.509947121    
   2.5600000000000001       0.35999901350021507       0.623945773    
   2.5699999999999998       0.43886843751341981       0.766595364    
   2.5800000000000001       0.52203113572655657       0.918970168    
   2.5899999999999999       0.60590056142619642        1.07489610    
   2.6000000000000001       0.70284505032894196        1.25652719    
   2.6099999999999999       0.81291560387868422        1.46450913    
   2.6200000000000001       0.91277484895564964        1.65703559    
   2.6299999999999999        1.0326693132691003        1.88902783    
   2.6400000000000001        1.1479221224992804        2.11585498    
   2.6499999999999999        1.2867007678971556        2.38965344    
   2.6600000000000001        1.3916847998526301        2.60417247    
   2.6699999999999999        1.4959404446481739        2.82034612    
   2.6800000000000002        1.6110959362489736        3.06024766    
   2.6899999999999999        1.7220759308819786        3.29550862    
   2.7000000000000002        1.8234587392290125        3.51551580    
   2.7100000000000000        1.9239450647639982        3.73677421    
   2.7200000000000002        2.0069439185315390        3.92679882    
   2.7300000000000000        2.0752876566767062        4.09043217    
   2.7400000000000002        2.1618087692309955        4.29224014    
   2.7500000000000000        2.2194372454463234        4.43888474    
   2.7600000000000002        2.2982291469090677        4.62995863    
   2.7700000000000000        2.3225518127615832        4.71292543    
   2.7800000000000002        2.3764956572177884        4.85726976    
   2.7900000000000000        2.4032035187027976        4.94725800    
   2.8000000000000003        2.4018914771010342        4.98006535    
   2.8100000000000001        2.4081896163950622        5.02885294    
   2.8199999999999998        2.4020773888477676        5.05185413    
   2.8300000000000001        2.4061650805981292        5.09640455    
   2.8399999999999999        2.3999010125575175        5.11912346    
   2.8500000000000001        2.3814360125021805        5.11557245    
   2.8599999999999999        2.3583945817269991        5.10169077    
   2.8700000000000001        2.3186102048933606        5.05076456    
   2.8799999999999999        2.2959692182428144        5.03635836    
   2.8900000000000001        2.2715759242264326        5.01751328    
   2.8999999999999999        2.2297740566957378        4.95932388    
   2.9100000000000001        2.2028172168298839        4.93321514    
   2.9199999999999999        2.1526616999791974        4.85408163    
   2.9300000000000002        2.1105500885390041        4.79177618    
   2.9399999999999999        2.0681309448487926        4.72757339    
   2.9500000000000002        2.0224502351734177        4.65465498    
   2.9600000000000000        1.9889894482863935        4.60873270    
   2.9700000000000002        1.9406583246986224        4.52717829    
   2.9800000000000000        1.9078443538786662        4.48065042    
   2.9900000000000002        1.8483047545834954        4.37000132    
   3.0000000000000000        1.8108943344907911        4.31023788    
   3.0100000000000002        1.7681796190051735        4.23667336    
   3.0200000000000000        1.7253208049488460        4.16149473    
   3.0300000000000002        1.6859633066871338        4.09353924    
   3.0400000000000000        1.6460783208886198        4.02312279    
   3.0500000000000003        1.6131091783982161        3.96852422    
   3.0600000000000001        1.5723710017676649        3.89370894    
   3.0700000000000003        1.5343465094387794        3.82442188    
   3.0800000000000001        1.5056928379104122        3.77749085    
   3.0899999999999999        1.4742610914972982        3.72269082    
   3.1000000000000001        1.4684804916140966        3.73213339    
   3.1099999999999999        1.4333530902703928        3.66639757    
   3.1200000000000001        1.4046173065360956        3.61603642    
   3.1299999999999999        1.3732752381240656        3.55804849    
   3.1400000000000001        1.3446865941667521        3.50627494    
   3.1499999999999999        1.3293193283566274        3.48831773    
   3.1600000000000001        1.2902204311783112        3.40724754    
   3.1699999999999999        1.2789802808164215        3.39897513    
   3.1800000000000002        1.2621973897130219        3.37557006    
   3.1899999999999999        1.2457944050874017        3.35268950    
   3.2000000000000002        1.2248627669266143        3.31705737    
   3.2100000000000000        1.2108903452092519        3.29974580    
   3.2200000000000002        1.1905481986811988        3.26455760    
   3.2300000000000000        1.1769573344784419        3.24736691    
   3.2400000000000002        1.1670288726685374        3.23994184    
   3.2500000000000000        1.1529674436504032        3.22069335    
   3.2600000000000002        1.1289773197458668        3.17311645    
   3.2700000000000000        1.1071565321304806        3.13090682    
   3.2800000000000002        1.1010824694208583        3.13280344    
   3.2900000000000000        1.0896907651692800        3.11932540    
   3.3000000000000003        1.0783186298756535        3.10556483    
   3.3100000000000001        1.0592507395115627        3.06916595    
   3.3200000000000003        1.0414862909637395        3.03595495    
   3.3300000000000001        1.0508721823073595        3.08179665    
   3.3399999999999999        1.0371617999676406        3.05988455    
   3.3500000000000001        1.0308566628579541        3.05952144    
   3.3599999999999999        1.0283384215437319        3.07029581    
   3.3700000000000001        1.0261946322661728        3.08215976    
   3.3799999999999999        1.0251667359589223        3.09737301    
   3.3900000000000001        1.0110945902281854        3.07295918    
   3.3999999999999999        1.0034793839889296        3.06783414    
   3.4100000000000001       0.99811427017538334        3.06940794    
   3.4199999999999999        1.0004132738744744        3.09454823    
   3.4300000000000002       0.99777899080816768        3.10447526    
   3.4399999999999999       0.99504233746087445        3.11403894    
   3.4500000000000002       0.98911568011248752        3.11351442    
   3.4600000000000000       0.98199173895382175        3.10903525    
   3.4700000000000002       0.97627663800101727        3.10883331    
   3.4800000000000000       0.97420180485213459        3.12013245    
   3.4900000000000002       0.97595557747445305        3.14373922    
   3.5000000000000000       0.96373513790392973        3.12219048    
   3.5100000000000002       0.96754045602644967        3.15245557    
   3.5200000000000000       0.97443964688627049        3.19305110    
   3.5300000000000002       0.96304886257653255        3.17368150    
   3.5400000000000000       0.96921943931381482        3.21213841    
   3.5500000000000003       0.96663624529442504        3.22170210    
   3.5600000000000001       0.97551649242084515        3.26964211    
   3.5700000000000003       0.97087318750773122        3.27238607    
   3.5800000000000001       0.96904046120324272        3.28453255    
   3.5899999999999999       0.96729593583519424        3.29696131    
   3.6000000000000001       0.96356606850419446        3.30257058    
   3.6099999999999999       0.96406597789345783        3.32266665    
   3.6200000000000001       0.96575663055929606        3.34695935    
   3.6299999999999999       0.95854389382622862        3.34034133    
   3.6400000000000001       0.95216732297037343        3.33642721    
   3.6499999999999999       0.95515766266356594        3.36532021    
   3.6600000000000001       0.96261189780597567        3.41019320    
   3.6699999999999999       0.96141758058509996        3.42459941    
   3.6800000000000002       0.97048652329088148        3.47576761    
   3.6899999999999999       0.96906612108077872        3.48956871    
   3.7000000000000002       0.97257332934825025        3.52120566    
   3.7100000000000000       0.96953240446387245        3.52919579    
   3.7200000000000002       0.97276198808452419        3.56006622    
   3.7300000000000000       0.96350618111885111        3.54517579    
   3.7400000000000002       0.96210230860423818        3.55901694    
   3.7500000000000000       0.96405251743002851        3.58532739    
   3.7600000000000002       0.96038844487707042        3.59077525    
   3.7700000000000000       0.96370640471072100        3.62237191    
   3.7800000000000002       0.97293475840964505        3.67648602    
   3.7900000000000000       0.97223700013163095        3.69331336    
   3.8000000000000003       0.97903561396568550        3.73879170    
   3.8100000000000001       0.98463532827770872        3.77999282    
   3.8200000000000003       0.99361373005575904        3.83451033    
   3.8300000000000001       0.98782860258434113        3.83216977    
   3.8399999999999999       0.99620474650912505        3.88487148    
   3.8500000000000001       0.99620408420026452        3.90512896    
   3.8599999999999999       0.98934909061281950        3.89843035    
   3.8700000000000001       0.99781334429998947        3.95218110    
   3.8799999999999999        1.0007952698916387        3.98450422    
   3.8900000000000001       0.99564632303157241        3.98446393    
   3.8999999999999999       0.99929487098031333        4.01965237    
   3.9100000000000001        1.0014758534001218        4.04911041    
   3.9199999999999999       0.99719697900277449        4.05245972    
   3.9300000000000002       0.99885651157880417        4.07994032    
   3.9399999999999999       0.99934616977932156        4.10273981    
   3.9500000000000002        1.0075048426111128        4.15725756    
   3.9600000000000000        1.0045635199965097        4.16613531    
   3.9700000000000002        1.0050468351968758        4.18921757    
   3.9800000000000000        1.0083253729220192        4.22408295    
   3.9900000000000002        1.0090569018122051        4.24841595    
   4.0000000000000000        1.0101404496225859        4.27432299    
   4.0099999999999998        1.0107072168226436        4.29813147    
   4.0200000000000005        1.0148815737096846        4.33743572    
   4.0300000000000002        1.0120026875918811        4.34667683    
   4.0400000000000000        1.0206855214969830        4.40575457    
   4.0499999999999998        1.0218468703271473        4.43263006    
   4.0600000000000005        1.0237249556084143        4.46273375    
   4.0700000000000003        1.0302700942602216        4.51341772    
   4.0800000000000001        1.0328064904902896        4.54678965    
   4.0899999999999999        1.0358074789885470        4.58238173    
   4.0999999999999996        1.0264946771728034        4.56341553    
   4.1100000000000003        1.0341789426466161        4.62003136    
   4.1200000000000001        1.0370482792616256        4.65542126    
   4.1299999999999999        1.0351722825676246        4.66958570    
   4.1399999999999997        1.0449913491217282        4.73673391    
   4.1500000000000004        1.0417421150147934        4.74484491    
   4.1600000000000001        1.0409631806254267        4.76417398    
   4.1699999999999999        1.0426191568054382        4.79472160    
   4.1799999999999997        1.0527096579698190        4.86437178    
   4.1900000000000004        1.0543744396979993        4.89540386    
   4.2000000000000002        1.0499391373919438        4.89810753    
   4.2100000000000000        1.0510007263360193        4.92643547    
   4.2199999999999998        1.0518262677132693        4.95375490    
   4.2300000000000004        1.0546107038156247        4.99043608    
   4.2400000000000002        1.0617198170123465        5.04785919    
   4.2500000000000000        1.0663343843599251        5.09374094    
   4.2599999999999998        1.0668412820957127        5.12017250    
   4.2700000000000005        1.0721688690202915        5.16992855    
   4.2800000000000002        1.0663899273447466        5.16617584    
   4.2900000000000000        1.0663655753991865        5.19022655    
   4.2999999999999998        1.0575493938794989        5.17134094    
   4.3100000000000005        1.0580689842240329        5.19797421    
   4.3200000000000003        1.0585724356382988        5.22460747    
   4.3300000000000001        1.0529968364252362        5.22117758    
   4.3399999999999999        1.0478420706879199        5.21964407    
   4.3500000000000005        1.0615685049425263        5.31241655    
   4.3600000000000003        1.0602041950491967        5.33001089    
   4.3700000000000001        1.0615339078237775        5.36120415    
   4.3799999999999999        1.0620848399180201        5.38856363    
   4.3899999999999997        1.0648524686527532        5.42730331    
   4.4000000000000004        1.0669771163948396        5.46293545    
   4.4100000000000001        1.0699424502221189        5.50304651    
   4.4199999999999999        1.0719250023207918        5.53827524    
   4.4299999999999997        1.0686072258157588        5.54614401    
   4.4400000000000004        1.0670112645493881        5.56289101    
   4.4500000000000002        1.0645404239019707        5.57503748    
   4.4600000000000000        1.0641367891503992        5.59799862    
   4.4699999999999998        1.0627028011844166        5.61555243    
   4.4800000000000004        1.0666688120740337        5.66175699    
   4.4900000000000002        1.0746004134972849        5.72934914    
   4.5000000000000000        1.0735445356683684        5.74924326    
   4.5099999999999998        1.0768309581700117        5.79250240    
   4.5200000000000005        1.0710781674837888        5.78713512    
   4.5300000000000002        1.0696783023069127        5.80517340    
   4.5400000000000000        1.0666073011536188        5.81409121    
   4.5499999999999998        1.0558360949586836        5.78075933    
   4.5600000000000005        1.0636044280224113        5.84891653    
   4.5700000000000003        1.0697969882304190        5.90880108    
   4.5800000000000001        1.0609332782681098        5.88551712    
   4.5899999999999999        1.0641229565606924        5.92901802    
   4.6000000000000005        1.0557371836942515        5.90795374    
   4.6100000000000003        1.0551180290006363        5.93018866    
   4.6200000000000001        1.0592482720453018        5.97925854    
   4.6299999999999999        1.0587277278239413        6.00221968    
   4.6399999999999997        1.0552251685526943        6.00823212    
   4.6500000000000004        1.0500916153298188        6.00480223    
   4.6600000000000001        1.0416336578122387        5.98208284    
   4.6699999999999999        1.0492114831037549        6.05149126    
   4.6799999999999997        1.0522843101476720        6.09523439    
   4.6900000000000004        1.0389848506678323        6.04394484    
   4.7000000000000002        1.0442180964109118        6.10031891    
   4.7100000000000000        1.0426019334010592        6.11682320    
   4.7199999999999998        1.0393394521575763        6.12360287    
   4.7300000000000004        1.0390551519893823        6.14789534    
   4.7400000000000002        1.0316058678960374        6.12965584    
   4.7500000000000000        1.0278822538197379        6.13332796    
   4.7599999999999998        1.0342622525368723        6.19740915    
   4.7700000000000005        1.0384807193423953        6.24885988    
   4.7800000000000002        1.0327377336660097        6.24038601    
   4.7900000000000000        1.0316688981990383        6.26003790    
   4.7999999999999998        1.0288516108696963        6.26903677    
   4.8100000000000005        1.0258641449945998        6.27690554    
   4.8200000000000003        1.0264195100113056        6.30644464    
   4.8300000000000001        1.0277398237691469        6.34078550    
   4.8399999999999999        1.0288059822539002        6.37367344    
   4.8500000000000005        1.0283950830547508        6.39748192    
   4.8600000000000003        1.0248585952510709        6.40179968    
   4.8700000000000001        1.0211558765530446        6.40494728    
   4.8799999999999999        1.0159883732861101        6.39873266    
   4.8899999999999997        1.0151299155267397        6.41955519    
   4.9000000000000004        1.0159096150558207        6.45078897    
   4.9100000000000001        1.0073958599200332        6.42286444    
   4.9199999999999999        1.0005502640952506        6.40523005    
   4.9299999999999997       0.99517069402686387        6.39671516    
   4.9400000000000004       0.99853007892691936        6.44437265    
   4.9500000000000002       0.99154791237077822        6.42524529    
   4.9600000000000000       0.99381187850729402        6.46596193    
   4.9699999999999998       0.98803140235839937        6.45429945    
   4.9800000000000004       0.99200420990065097        6.50635576    
   4.9900000000000002       0.99119424193084815        6.52717829    
   5.0000000000000000       0.98896070677636128        6.53859806    
   5.0099999999999998       0.98399540915072559        6.53181887    
   5.0200000000000005       0.98660015816283209        6.57527924    
   5.0300000000000002       0.97956323700634407        6.55441666    
   5.0400000000000000       0.97459267845138842        6.54711294    
   5.0499999999999998       0.97551729607449122        6.57935524    
   5.0600000000000005       0.97030652581345334        6.57015467    
   5.0700000000000003       0.97366531673622159        6.61898232    
   5.0800000000000001       0.96886016100346706        6.61232376    
   5.0899999999999999       0.96435024187975737        6.60748148    
   5.1000000000000005       0.96568185998457579        6.64262962    
   5.1100000000000003       0.95994840568700468        6.62911081    
   5.1200000000000001       0.95683672607413095        6.63350964    
   5.1299999999999999       0.95564374564407584        6.65114403    
   5.1399999999999997       0.96208800322975985        6.72212601    
   5.1500000000000004       0.95295896882885245        6.68427420    
   5.1600000000000001       0.95659288638533091        6.73584604    
   5.1699999999999999       0.95257051865343023        6.73354578    
   5.1799999999999997       0.94605286820125889        6.71336889    
   5.1900000000000004       0.94665360343112603        6.74359369    
   5.2000000000000002       0.94490652889942106        6.75711250    
   5.2100000000000000       0.94178302920656498        6.76070356    
   5.2199999999999998       0.94397394175739535        6.80246973    
   5.2300000000000004       0.94206897182100102        6.81477737    
   5.2400000000000002       0.93344193162901778        6.77821732    
   5.2500000000000000       0.93340471615939913        6.80384159    
   5.2599999999999998       0.93092341392437217        6.81162977    
   5.2700000000000005       0.92990464053265309        6.83007145    
   5.2800000000000002       0.92444806865129525        6.81578636    
   5.2900000000000000       0.92590180927114452        6.85238695    
   5.2999999999999998       0.92600715409248879        6.87910080    
   5.3100000000000005       0.92274994000958399        6.88079596    
   5.3200000000000003       0.92011447351957421        6.88701010    
   5.3300000000000001       0.92024226063720427        6.91388559    
   5.3399999999999999       0.91981148743487184        6.93660450    
   5.3500000000000005       0.91535260300315946        6.92885685    
   5.3600000000000003       0.91602985557191019        6.95992899    
   5.3700000000000001       0.91797093649733696        7.00072622    
   5.3799999999999999       0.91416092712485320        6.99765968    
   5.3899999999999997       0.91889710422339876        7.06008625    
   5.4000000000000004       0.91337767852557261        7.04374313    
   5.4100000000000001       0.91559815010560042        7.08704233    
   5.4199999999999999       0.91398350296181297        7.10072231    
   5.4299999999999997       0.91280923407579972        7.11779165    
   5.4400000000000004       0.90960592793068940        7.11896229    
   5.4500000000000002       0.91228145685515494        7.16617584    
   5.4600000000000000       0.90759669969226797        7.15556288    
   5.4699999999999998       0.90800402993565887        7.18502092    
   5.4800000000000004       0.91133919873190516        7.23780298    
   5.4900000000000002       0.91826886328520685        7.31947851    
   5.5000000000000000       0.91434257084163328        7.31475735    
   5.5099999999999998       0.91705276841637895        7.36314106    
   5.5200000000000005       0.91834520539550524        7.40030670    
   5.5300000000000002       0.91964226310575592        7.43763351    
   5.5400000000000000       0.91476416942338423        7.42496252    
   5.5499999999999998       0.91153013612538691        7.42544699    
   5.5600000000000005       0.91387124888375437        7.47136927    
   5.5700000000000003       0.91422733104842546        7.50119066    
   5.5800000000000001       0.91648621766611682        7.54674959    
   5.5899999999999999       0.91559794591141974        7.56648254    
   5.6000000000000005       0.92524426792193482        7.67358065    
   5.6100000000000003       0.92452795203637750        7.69504881    
   5.6200000000000001       0.92190743120496987        7.70061731    
   5.6299999999999999       0.91876533353536516        7.70170689    
   5.6399999999999997       0.91705957569000585        7.71474123    
   5.6500000000000004       0.91810856874648117        7.75097847    
   5.6600000000000001       0.92043044602313939        7.79811144    
   5.6699999999999999       0.92691642741739155        7.88083601    
   5.6799999999999997       0.93223489575703289        7.95403719    
   5.6900000000000004       0.92917310870826941        7.95585346    
   5.7000000000000002       0.92776609699094581        7.97175264    
   5.7100000000000000       0.92936777610922383        8.01355839    
   5.7199999999999998       0.92949287898015232        8.04273415    
   5.7300000000000004       0.93189330192344488        8.09172344    
   5.7400000000000002       0.93183536811275747        8.11948681    
   5.7500000000000000       0.93587962714849893        8.18316460    
   5.7599999999999998       0.93406317862658683        8.19571400    
   5.7700000000000005       0.93643352105389210        8.24506664    
   5.7800000000000002       0.93848500738731044        8.29179573    
   5.7900000000000000       0.94345249056213532        8.36455345    
   5.7999999999999998       0.94692415431627497        8.42435741    
   5.8100000000000005       0.95093137988016840        8.48920536    
   5.8200000000000003       0.95414419607263989        8.54723358    
   5.8300000000000001       0.95292539067184467        8.56567574    
   5.8399999999999999       0.95935976338576101        8.65312099    
   5.8500000000000005       0.96101397635123187        8.69775200    
   5.8600000000000003       0.96326451607173136        8.74795246    
   5.8700000000000001       0.96197806581200918        8.76611137    
   5.8799999999999999       0.96725732621700899        8.84427547    
   5.8899999999999997       0.96868189161006413        8.88745403    
   5.9000000000000004       0.97023590211273347        8.93196392    
   5.9100000000000001       0.97397999146899905        8.99685287    
   5.9199999999999999       0.97625650123854013        9.04842377    
   5.9299999999999997       0.97796105458952254        9.09487152    
   5.9400000000000004       0.97804419080882188        9.12634659    
   5.9500000000000002       0.98249162776872789        9.19874096    
   5.9600000000000000       0.98486762370238512        9.25200748    
   5.9699999999999998       0.98362169936493626        9.27133656    
   5.9800000000000004       0.98492593749308277        9.31475735    
   5.9900000000000002       0.99182526551133243        9.41140366    
   6.0000000000000000       0.99053522796166038        9.43057156    
   6.0099999999999998       0.99416972145824178        9.49675179    
   6.0200000000000005       0.99789251007619639        9.56406116    
   6.0300000000000002        1.0054332905711785        9.66837502    
   6.0400000000000000        1.0039638518334397        9.68629169    
   6.0499999999999998        1.0028279570385463        9.70739651    
   6.0600000000000005        1.0095345583251172        9.80464840    
   6.0700000000000003        1.0097559550440574        9.83919144    
   6.0800000000000001        1.0117040696513475        9.89068222    
   6.0899999999999999        1.0113094547095576        9.91937351    
   6.1000000000000005        1.0123923330342093        9.96263313    
   6.1100000000000003        1.0172802186674619        10.0435820    
   6.1200000000000001        1.0164191385506836        10.0679550    
   6.1299999999999999        1.0171134838562796        10.1077843    
   6.1400000000000006        1.0193642707699022        10.1632299    
   6.1500000000000004        1.0230393218935427        10.2331219    
   6.1600000000000001        1.0235848213449943        10.2719021    
   6.1699999999999999        1.0265303177665754        10.3349342    
   6.1799999999999997        1.0284086573283262        10.3874340    
   6.1900000000000004        1.0289712798798727        10.4267788    
   6.2000000000000002        1.0347011097533370        10.5187445    
   6.2100000000000000        1.0330767568489194        10.5361366    
   6.2199999999999998        1.0357643197929720        10.5975952    
