0.0125 0.0 
0.037500000000000006 0.0 
0.0625 0.0 
0.08750000000000001 0.0 
0.1125 0.0 
0.1375 0.0 
0.1625 0.0 
0.1875 0.0 
0.21250000000000002 0.0 
0.23750000000000002 0.0 
0.2625 0.0 
0.28750000000000003 0.0 
0.3125 0.0 
0.3375 0.0 
0.36250000000000004 0.0 
0.3875 0.0 
0.41250000000000003 0.0 
0.4375 0.0 
0.4625 0.0 
0.48750000000000004 0.0 
0.5125000000000001 0.0 
0.5375 0.0 
0.5625 0.0 
0.5875 0.0 
0.6125 0.0 
0.6375000000000001 0.0 
0.6625000000000001 0.0 
0.6875 0.0 
0.7125 0.0 
0.7375 0.0 
0.7625000000000001 0.0 
0.7875000000000001 0.0 
0.8125 0.0 
0.8375 0.0 
0.8625 0.0 
0.8875000000000001 0.0 
0.9125000000000001 0.0 
0.9375 0.0 
0.9625 0.0 
0.9875 0.0 
1.0125 0.0 
1.0375 0.0 
1.0625 0.0 
1.0875000000000001 0.0 
1.1125 0.0 
1.1375 0.0 
1.1625 0.0 
1.1875 0.0 
1.2125000000000001 0.0 
1.2375 0.0 
1.2625000000000002 0.0 
1.2875 0.0 
1.3125 0.0 
1.3375000000000001 0.0 
1.3625 0.0 
1.3875000000000002 0.0 
1.4125 0.0 
1.4375 0.0 
1.4625000000000001 0.0 
1.4875 0.0 
1.5125000000000002 0.0 
1.5375 0.0 
1.5625 0.0 
1.5875000000000001 0.0 
1.6125 0.0 
1.6375000000000002 0.0 
1.6625 0.0 
1.6875 0.0 
1.7125000000000001 0.0 
1.7375 0.0 
1.7625000000000002 0.0 
1.7875 0.0 
1.8125 0.0 
1.8375000000000001 0.0 
1.8625 0.0 
1.8875000000000002 0.0 
1.9125 0.0 
1.9375 0.0 
1.9625000000000001 0.0 
1.9875 0.0 
2.0125 0.0 
2.0375 0.0 
2.0625 0.0 
2.0875 0.0 
2.1125000000000003 0.0 
2.1375 0.0 
2.1625 0.0 
2.1875 0.0 
2.2125 0.0 
2.2375000000000003 0.0 
2.2625 0.0 
2.2875 0.0 
2.3125 0.0 
2.3375 0.0001395492320214828 
2.3625000000000003 0.0008708980773375301 
2.3875 0.00224893238440019 
2.4125 0.007623001365482363 
2.4375 0.02079813093339891 
2.4625000000000004 0.049935091382826716 
2.4875000000000003 0.10729199108052956 
2.5125 0.20234791428363846 
2.5375 0.35703889855570087 
2.5625 0.5728880627005325 
2.5875000000000004 0.8387426807626409 
2.6125000000000003 1.1496019216276057 
2.6375 1.477832194022387 
2.6625 1.814046469962166 
2.6875 2.102735119979063 
2.7125000000000004 2.338674061886628 
2.7375000000000003 2.4970542475473136 
2.7625 2.5867478728192075 
2.7875 2.5993555041557888 
2.8125 2.5597726282177913 
2.8375000000000004 2.4770911400623317 
2.8625000000000003 2.359009823730394 
2.8875 2.2383472706627927 
2.9125 2.0881588164751643 
2.9375 1.93020045007722 
2.9625000000000004 1.7855890413681876 
2.9875000000000003 1.6662125979730167 
3.0125 1.5406957077951202 
3.0375 1.433695894034965 
3.0625 1.3424190989367613 
3.0875000000000004 1.257183114810119 
3.1125000000000003 1.1858352307186708 
3.1375 1.1290633750391776 
3.1625 1.0740266617666832 
3.1875 1.0236384412277957 
3.2125000000000004 0.9811750229647445 
3.2375000000000003 0.9588102023240234 
3.2625 0.9314791515673868 
3.2875 0.9011659028848444 
3.3125 0.8834497489771016 
3.3375000000000004 0.8791330745959954 
3.3625000000000003 0.8665179671098107 
3.3875 0.8538085105910066 
3.4125 0.851329590539489 
3.4375 0.8473399945506458 
3.4625000000000004 0.8461469944057168 
3.4875000000000003 0.8420211321491272 
3.5125 0.8472586406656972 
3.5375 0.851518100118836 
3.5625 0.8550718057578336 
3.5875000000000004 0.8593623888276822 
3.6125000000000003 0.8691420896239622 
3.6375 0.8782881380607008 
3.6625 0.8869622181872807 
3.6875 0.8940944885557949 
3.7125000000000004 0.9007681371197506 
3.7375000000000003 0.9095957778785941 
3.7625 0.9211734257379899 
3.7875 0.9355231042743801 
3.8125 0.9490020269095165 
3.8375000000000004 0.9631128718547918 
3.8625000000000003 0.9743619692663769 
3.8875 0.9847605084555828 
3.9125 0.9947398392704723 
3.9375 1.0086689066527061 
3.9625000000000004 1.0230333774075397 
3.9875000000000003 1.0339472838715633 
4.0125 1.0433266366502532 
4.0375000000000005 1.060896370148462 
4.0625 1.0677080798032716 
4.0875 1.0726113790265879 
4.1125 1.0922312229833935 
4.1375 1.0954908036081197 
4.1625000000000005 1.1053816442809414 
4.1875 1.1215303342714351 
4.2125 1.130969664363712 
4.2375 1.1333226497697029 
4.2625 1.1414653362860534 
4.2875000000000005 1.1476331909651873 
4.3125 1.1543658267794061 
4.3375 1.1584864251380387 
4.3625 1.1639920341070737 
4.3875 1.1606450905137802 
4.4125000000000005 1.1643359658460708 
4.4375 1.1721054347383157 
4.4625 1.176742145894327 
4.4875 1.1728446193299316 
4.5125 1.172412993010813 
4.5375000000000005 1.170760020286982 
4.5625 1.1696771585194041 
4.5875 1.1670696165532912 
4.6125 1.1616139359674253 
4.6375 1.1565977428220489 
4.6625000000000005 1.1486384972359658 
4.6875 1.1421209840996418 
4.7125 1.1372754547859558 
4.7375 1.1266567999927697 
4.7625 1.119853736872785 
4.7875000000000005 1.1089891918463932 
4.8125 1.0989169606236449 
4.8375 1.090408492033819 
4.862500000000001 1.0833910659971404 
4.8875 1.073626908983216 
4.9125000000000005 1.0598875688411757 
4.9375 1.0473051286495234 
4.9625 1.0361854493464862 
4.987500000000001 1.0237220589483553 
5.0125 1.019626249559719 
5.0375000000000005 1.0106746940930151 
5.0625 1.000007079988104 
5.0875 0.9923721223089139 
5.112500000000001 0.9791515828813939 
5.1375 0.9716350516373734 
5.1625000000000005 0.9611923627266448 
5.1875 0.9537742427677591 
5.2125 0.941870753799848 
5.237500000000001 0.9349141138498009 
5.2625 0.9242369938039026 
5.2875000000000005 0.9171405866522752 
5.3125 0.910950394677571 
5.3375 0.9044960914149509 
5.362500000000001 0.8989028190332893 
5.3875 0.8919982826008547 
5.4125000000000005 0.888515853563046 
5.4375 0.884285938454578 
5.4625 0.8801823034466396 
5.487500000000001 0.8776200208997275 
5.5125 0.8764840428167394 
5.5375000000000005 0.8726503329770764 
5.5625 0.8731347861014106 
5.5875 0.8713821582069564 
5.612500000000001 0.8720799140254081 
5.6375 0.8773704426746067 
5.6625000000000005 0.8807487388156681 
5.6875 0.8835093922828176 
5.7125 0.8857207707096718 
5.737500000000001 0.8892426642361775 
5.7625 0.8921765456322726 
5.7875000000000005 0.897297385400743 
5.8125 0.8972418967470075 
5.8375 0.902376415809697 
5.862500000000001 0.907442210498655 
5.8875 0.9151420343651868 
5.9125000000000005 0.926628758702018 
5.9375 0.9329978793393507 
5.9625 0.9391996740024859 
5.987500000000001 0.9449691408955674 
6.0125 0.9475757186977007 
6.0375000000000005 0.9583001224163781 
6.0625 0.9643411516058716 
6.0875 0.9681919596873628 
6.112500000000001 0.9783722697961211 
6.1375 0.9840902042578046 
6.1625000000000005 0.9931681250794043 
6.1875 0.9960914302773554 
6.2125 0.9994839857819927 
6.237500000000001 1.013040136840393 
6.2625 1.0173183463857118 
6.2875000000000005 1.0235044826476543 
6.3125 1.0317612273732026 
6.3375 1.037890842449404 
6.362500000000001 1.0417000637624863 
6.3875 1.0498531172046635 
6.4125000000000005 1.0515887451558565 
6.4375 1.0604686031607131 
6.4625 1.063447756938166 
6.487500000000001 1.0719623729934302 
6.5125 1.0725152731518472 
6.5375000000000005 1.074639695623263 
6.5625 1.0794487396026007 
6.5875 1.0822367928712493 
6.612500000000001 1.083329258733735 
6.6375 1.0911815776261868 
6.6625000000000005 1.0971185955896299 
6.6875 1.0993583255147876 
6.7125 1.0987551640268927 
6.737500000000001 1.0983337224999772 
6.7625 1.099350601114055 
6.7875000000000005 1.1015614933550717 
6.8125 1.0986744443345453 
6.8375 1.0951509379097562 
6.862500000000001 1.0969029204827683 
6.8875 1.0958042235090473 
6.9125000000000005 1.0958579524238337 
6.9375 1.0990725714105603 
6.9625 1.0959639536970411 
6.987500000000001 1.0942082655442886 
7.0125 1.0905344431735613 
7.0375000000000005 1.0860428120296035 
7.0625 1.0849574143899319 
7.0875 1.0796791234671823 
7.112500000000001 1.0800741215994596 
7.1375 1.072381388083104 
7.1625000000000005 1.070174049376877 
7.1875 1.067863765047633 
7.2125 1.0657475222357518 
7.237500000000001 1.0583211745813272 
7.2625 1.0545859755350337 
7.2875000000000005 1.0535044142311758 
7.3125 1.0511150976956667 
7.3375 1.0384662665847002 
7.362500000000001 1.0386589285543593 
7.3875 1.0378486917197083 
7.4125000000000005 1.031939361008734 
7.4375 1.0237926237457222 
7.4625 1.0210695621828976 
7.487500000000001 1.023682960312028 
7.5125 1.016908159336179 
7.5375000000000005 1.011230988847441 
7.5625 1.0123685962899784 
7.5875 1.0096813030207603 
7.612500000000001 1.0040411791956905 
7.6375 1.0031579867180402 
7.6625000000000005 1.001387673090122 
7.6875 0.9974313888169092 
7.7125 0.996486577343008 
7.737500000000001 0.9896250671481485 
7.7625 0.9890970124064534 
7.7875000000000005 0.9913773485354781 
7.8125 0.9894434599586714 
7.8375 0.9871686098441848 
7.862500000000001 0.9872919930728111 
7.8875 0.9882945867170888 
7.9125000000000005 0.9859850041548883 
7.9375 0.9853625587706863 
7.9625 0.9827136574810065 
7.987500000000001 0.979192419603426 
8.012500000000001 0.9826672238176583 
8.0375 0.9821168466046198 
8.0625 0.9794492279388104 
8.0875 0.9785079957895882 
8.1125 0.982541753597195 
8.137500000000001 0.9813508922787404 
8.1625 0.9784885228429899 
8.1875 0.9747310664293676 
8.2125 0.9794120161125026 
8.2375 0.9777364869309223 
8.262500000000001 0.9817057240298743 
8.2875 0.9841626673821223 
8.3125 0.9817674138020278 
8.3375 0.9855726637683353 
8.3625 0.9866122019169979 
8.387500000000001 0.9828518398993594 
8.4125 0.9857252111832014 
8.4375 0.9943657566470813 
8.4625 0.9866247146847399 
8.4875 0.983321758751524 
8.512500000000001 0.9802367873941772 
8.5375 0.984774571905589 
8.5625 0.9863041250140944 
8.5875 0.9888513029667116 
8.6125 0.9899566005298346 
8.637500000000001 0.9934165603649582 
8.6625 0.9942877132312407 
8.6875 0.9908613121118595 
8.7125 0.9986698253219523 
8.7375 1.0048882312921252 
8.762500000000001 1.0045861209779703 
8.7875 1.005952067008082 
8.8125 0.0 
8.8375 0.0 
8.8625 0.0 
8.887500000000001 0.0 
8.9125 0.0 
8.9375 0.0 
8.9625 0.0 
8.9875 0.0 
9.012500000000001 0.0 
9.0375 0.0 
9.0625 0.0 
9.0875 0.0 
9.1125 0.0 
9.137500000000001 0.0 
9.1625 0.0 
9.1875 0.0 
9.2125 0.0 
9.2375 0.0 
9.262500000000001 0.0 
9.2875 0.0 
9.3125 0.0 
9.3375 0.0 
9.3625 0.0 
9.387500000000001 0.0 
9.4125 0.0 
9.4375 0.0 
9.4625 0.0 
9.4875 0.0 
9.512500000000001 0.0 
9.5375 0.0 
9.5625 0.0 
9.5875 0.0 
9.6125 0.0 
9.637500000000001 0.0 
9.662500000000001 0.0 
9.6875 0.0 
9.7125 0.0 
9.7375 0.0 
9.762500000000001 0.0 
9.787500000000001 0.0 
9.8125 0.0 
9.8375 0.0 
9.8625 0.0 
9.887500000000001 0.0 
9.912500000000001 0.0 
9.9375 0.0 
9.9625 0.0 
9.9875 0.0 
10.012500000000001 0.0 
