0.025 0.0 
0.07500000000000001 0.0 
0.125 0.0 
0.17500000000000002 0.0 
0.225 0.0 
0.275 0.0 
0.325 0.0 
0.375 0.0 
0.42500000000000004 0.0 
0.47500000000000003 0.0 
0.525 0.0 
0.5750000000000001 0.0 
0.625 0.0 
0.675 0.0 
0.7250000000000001 0.0 
0.775 0.0 
0.8250000000000001 0.0 
0.875 0.0 
0.925 0.0 
0.9750000000000001 0.0 
1.0250000000000001 0.0 
1.075 0.0 
1.125 0.0 
1.175 0.0 
1.225 0.0 
1.2750000000000001 0.0 
1.3250000000000002 0.0 
1.375 0.0 
1.425 0.0 
1.475 0.0 
1.5250000000000001 0.0 
1.5750000000000002 0.0 
1.625 0.0 
1.675 0.0 
1.725 0.0 
1.7750000000000001 0.0 
1.8250000000000002 0.0 
1.875 0.0 
1.925 0.0 
1.975 0.0 
2.025 0.0 
2.075 0.0 
2.125 0.0 
2.1750000000000003 0.0 
2.225 0.0 
2.275 0.0 
2.325 0.00021541405609509348 
2.375 0.0037900229289347747 
2.4250000000000003 0.03255059927727235 
2.475 0.16101076882865975 
2.5250000000000004 0.5121130337995893 
2.575 1.161680348301031 
2.625 1.9774349180254498 
2.6750000000000003 2.689952499926899 
2.725 3.03060166891293 
2.7750000000000004 2.991975936448332 
2.825 2.662586471494982 
2.875 2.214879209732121 
2.9250000000000003 1.7614162656078844 
2.975 1.3833232534782391 
3.0250000000000004 1.0994437925984182 
3.075 0.8916773728892767 
3.125 0.7508208367112787 
3.1750000000000003 0.6606094387961282 
3.225 0.6060990573391033 
3.2750000000000004 0.5780990476761783 
3.325 0.5633715403790016 
3.375 0.5633486416009743 
3.4250000000000003 0.5738103995496368 
3.475 0.5949461665992032 
3.5250000000000004 0.62568755581625 
3.575 0.6607401648982053 
3.625 0.7004144206161567 
3.6750000000000003 0.7446062003488173 
3.725 0.7918718893919638 
3.7750000000000004 0.8444072533994146 
3.825 0.8910818269768058 
3.875 0.9480626330057135 
3.9250000000000003 1.0075519375471125 
3.975 1.063271829216788 
4.025 1.1134356730732455 
4.075 1.173935154164866 
4.125 1.2300057431892004 
4.175 1.2717828229886874 
4.2250000000000005 1.3105804178862608 
4.275 1.3465361573830446 
4.325 1.3662102571044492 
4.375 1.373239804681723 
4.425 1.3880265807376448 
4.4750000000000005 1.3945416556803054 
4.525 1.3818708803094069 
4.575 1.3585860969662855 
4.625 1.3306517367791453 
4.675 1.308432828776227 
4.7250000000000005 1.2734438813714537 
4.775 1.2379862730805893 
4.825 1.19152025605229 
4.875 1.1540941032058076 
4.925000000000001 1.10974834189901 
4.9750000000000005 1.0718881391613029 
5.025 1.0405045862938533 
5.075 1.0041245402037493 
5.125 0.9752422425324316 
5.175000000000001 0.9413752777117845 
5.2250000000000005 0.9089129434832416 
5.275 0.8893261645092024 
5.325 0.8655970158458335 
5.375 0.8453336393899746 
5.425000000000001 0.828741869085963 
5.4750000000000005 0.8217177221882409 
5.525 0.8131608108311313 
5.575 0.8062346586701867 
5.625 0.8034622325803247 
5.675000000000001 0.8023177554306713 
5.7250000000000005 0.8093459971711712 
5.775 0.8182990819803582 
5.825 0.8213559262815894 
5.875 0.8302141282246763 
5.925000000000001 0.8459296841303661 
5.9750000000000005 0.8574999380272105 
6.025 0.8707418717769244 
6.075 0.8954665274132406 
6.125 0.9170242767243688 
6.175000000000001 0.9380558101509857 
6.2250000000000005 0.954448132608706 
6.275 0.9716912456939033 
6.325 0.9917975794478034 
6.375 1.012655316089382 
6.425000000000001 1.033693196759571 
6.4750000000000005 1.0502457399969307 
6.525 1.066449545914785 
6.575 1.0846335856239508 
6.625 1.1074874859111192 
6.675000000000001 1.1268841500136884 
6.7250000000000005 1.1390256166819823 
6.775 1.149210500091601 
6.825 1.1585395373079665 
6.875 1.1641465403589 
6.925000000000001 1.15938670461678 
6.9750000000000005 1.159444421460001 
7.025 1.1548509041213169 
7.075 1.1443630664287774 
7.125 1.1403360845291843 
7.175000000000001 1.128880325953145 
7.2250000000000005 1.121460161405595 
7.275 1.1026165732622282 
7.325 1.0894425074209786 
7.375 1.0776302800081337 
7.425000000000001 1.0631135655449668 
7.4750000000000005 1.0501749650410672 
7.525 1.0386798707909723 
7.575 1.025660482839686 
7.625 1.0187903881581493 
7.675000000000001 1.0045795306522562 
7.7250000000000005 0.9996672115825195 
7.775 0.9907834622362306 
7.825 0.9796304237841533 
7.875 0.9742699773966645 
7.925000000000001 0.9742226447651473 
7.9750000000000005 0.9674403716035113 
8.025 0.9667939266796625 
8.075000000000001 0.9664451307174422 
8.125 0.9604860874966876 
8.175 0.9607681754961374 
8.225 0.9653151758143859 
8.275 0.9686037504795971 
8.325000000000001 0.9689772255891411 
8.375 0.9689654739243895 
8.425 0.9776726356411565 
8.475 0.9719761310952743 
8.525 0.9655352142364343 
8.575000000000001 0.9615522042315955 
8.625 0.9613473087141176 
8.675 0.9693981889620397 
8.725 0.960615635516295 
8.775 0.9648085657047227 
8.825000000000001 0.0 
8.875 0.0 
8.925 0.0 
8.975 0.0 
9.025 0.0 
9.075000000000001 0.0 
9.125 0.0 
9.175 0.0 
9.225 0.0 
9.275 0.0 
9.325000000000001 0.0 
9.375 0.0 
9.425 0.0 
9.475 0.0 
9.525 0.0 
9.575000000000001 0.0 
9.625 0.0 
9.675 0.0 
9.725000000000001 0.0 
9.775 0.0 
9.825000000000001 0.0 
9.875 0.0 
9.925 0.0 
9.975000000000001 0.0 
10.025 0.0 
